10,291
10,139
10,73
10,201
10,219
10,273
10,35
10,193
11,27
11,5
11,2
11,3
9,5
8,16
8,12
8,10
8,17
8,4
8,7
361,3
361,2
361,1
361,0
360,3
360,2
360,1
360,0
359,3
359,2
359,1
359,0
358,3
358,2
358,1
358,0
357,3
357,2
357,1
357,0
356,3
356,2
356,1
356,0
355,3
355,2
355,1
355,0
354,3
354,2
354,1
354,0
20,3
20,2
20,1
19,3
19,2
19,1
12,3
12,2
12,1
11,29
11,28
11,26
11,25
11,24
11,23
11,22
11,21
11,20
11,19
11,18
11,17
11,16
11,15
11,14
11,13
11,12
11,11
11,10
11,1
11,4
10,246
10,184
18,1
10,148
18,3
10,146
10,132
14,1
10,120
14,3
10,80
13,1
10,1
13,3
10,30
10,3
10,2
9,7
9,6
9,1
9,4
9,3
9,2
8,18
8,15
8,9
8,8
8,1
8,5
8,3
8,2
2,2
